<?xml version="1.0"?>
<opencv_storage>
<images>
DJI480\00001.png
DJI480\00002.png
DJI480\00003.png
DJI480\00004.png
DJI480\00005.png
DJI480\00006.png
DJI480\00010.png
DJI480\00011.png
DJI480\00012.png
DJI480\00016.png
DJI480\00017.png
DJI480\00018.png
DJI480\00022.png
DJI480\00023.png
DJI480\00026.png
DJI480\00027.png
DJI480\00028.png
DJI480\00029.png
DJI480\00031.png
DJI480\00032.png
DJI480\00033.png
DJI480\00034.png
DJI480\00035.png
DJI480\00036.png
DJI480\00037.png
DJI480\00038.png
</images>
</opencv_storage>
