<?xml version="1.0"?>
<opencv_storage>
<images>
img\00001.png
img\00002.png
img\00003.png
img\00004.png
img\00005.png
img\00006.png
img\00007.png
img\00008.png
img\00009.png
img\00011.png
img\00012.png
img\00013.png
img\00014.png
img\00015.png
img\00016.png
img\00017.png
img\00018.png
img\00019.png
img\00021.png
img\00022.png
img\00023.png
img\00024.png
img\00025.png
img\00026.png
img\00027.png
img\00028.png
img\00029.png
img\00031.png
img\00032.png
img\00033.png
img\00034.png
img\00035.png
img\00036.png
</images>
</opencv_storage>