<?xml version="1.0"?>
<opencv_storage>
<images>
Sony_240\DSC00083.jpg
Sony_240\DSC00084.jpg
Sony_240\DSC00085.jpg
Sony_240\DSC00086.jpg
Sony_240\DSC00087.jpg
Sony_240\DSC00088.jpg
Sony_240\DSC00089.jpg
Sony_240\DSC00090.jpg
Sony_240\DSC00091.jpg
Sony_240\DSC00092.jpg
Sony_240\DSC00093.jpg
Sony_240\DSC00094.jpg
Sony_240\DSC00095.jpg
Sony_240\DSC00096.jpg
Sony_240\DSC00097.jpg
Sony_240\DSC00098.jpg
Sony_240\DSC00099.jpg
Sony_240\DSC00100.jpg
Sony_240\DSC00101.jpg
Sony_240\DSC00102.jpg
Sony_240\DSC00103.jpg
Sony_240\DSC00104.jpg
</images>
</opencv_storage>
