<?xml version="1.0"?>
<opencv_storage>
<images>
video\00001.png
video\00002.png
video\00003.png
video\00004.png
video\00005.png
video\00006.png
video\00007.png
video\00008.png
video\00009.png
video\00011.png
video\00012.png
video\00013.png
video\00014.png
video\00015.png
video\00016.png
video\00017.png
video\00018.png
video\00019.png
video\00021.png
video\00022.png
video\00023.png
video\00024.png
video\00025.png
video\00026.png
video\00027.png
video\00028.png
video\00029.png
video\00031.png
video\00032.png
video\00033.png
video\00034.png
video\00035.png
video\00036.png
</images>
</opencv_storage>