<?xml version="1.0"?>
<opencv_storage>
<images>
img1080\00001.png
img1080\00002.png
img1080\00003.png
img1080\00004.png
img1080\00005.png
img1080\00006.png
img1080\00007.png
img1080\00008.png
img1080\00009.png
img1080\00011.png
img1080\00012.png
img1080\00013.png
img1080\00014.png
img1080\00015.png
img1080\00016.png
img1080\00017.png
img1080\00018.png
img1080\00019.png
img1080\00021.png
img1080\00022.png
img1080\00023.png
img1080\00024.png
img1080\00025.png
img1080\00026.png
img1080\00027.png
img1080\00028.png
img1080\00029.png
img1080\00031.png
img1080\00032.png
img1080\00033.png
img1080\00034.png
img1080\00035.png
img1080\00036.png
</images>
</opencv_storage>