<?xml version="1.0"?>
<opencv_storage>
<calibration_Time>"09/29/16 20:18:56"</calibration_Time>
<nrOfFrames>32</nrOfFrames>
<image_Width>1920</image_Width>
<image_Height>1080</image_Height>
<board_Width>9</board_Width>
<board_Height>6</board_Height>
<square_Size>28.</square_Size>
<!-- flags:  +fix_principal_point +zero_tangent_dist -->
<flagValue>12</flagValue>
<Camera_Matrix type_id="opencv-matrix">
  <rows>3</rows>
  <cols>3</cols>
  <dt>d</dt>
  <data>
    1.6083744456902946e+003 0. 9.5950000000000000e+002 0.
    1.6093664641355219e+003 5.3950000000000000e+002 0. 0. 1.</data></Camera_Matrix>
<Distortion_Coefficients type_id="opencv-matrix">
  <rows>5</rows>
  <cols>1</cols>
  <dt>d</dt>
  <data>
    -1.6347455058748628e-001 2.5358539732784124e-001 0. 0.
    -2.4571261906589403e-001</data></Distortion_Coefficients>
<Avg_Reprojection_Error>1.1442069930334862e+000</Avg_Reprojection_Error>
<Per_View_Reprojection_Errors type_id="opencv-matrix">
  <rows>32</rows>
  <cols>1</cols>
  <dt>f</dt>
  <data>
    7.12539315e-001 7.41775274e-001 6.38190448e-001 1.26172018e+000
    1.05247056e+000 9.99957502e-001 1.09727514e+000 1.11546099e+000
    1.04078698e+000 1.24393535e+000 1.35713458e+000 1.13255334e+000
    1.68014801e+000 2.01529479e+000 1.74861574e+000 1.03814757e+000
    8.02124739e-001 1.75144303e+000 8.46241117e-001 7.39862859e-001
    8.39221597e-001 1.29367340e+000 1.09712625e+000 1.26549041e+000
    1.37925708e+000 1.20284772e+000 7.48755038e-001 6.05811834e-001
    9.72935140e-001 8.77375066e-001 8.40164781e-001 8.06367755e-001</data></Per_View_Reprojection_Errors>
<!-- a set of 6-tuples (rotation vector + translation vector) for each view -->
<Extrinsic_Parameters type_id="opencv-matrix">
  <rows>32</rows>
  <cols>6</cols>
  <dt>d</dt>
  <data>
    -8.1510184558942628e-002 -5.5149082465006449e-001
    -3.0460768375879046e+000 8.9822447430721567e+001
    6.6199394790508322e+001 3.8890089033572212e+002
    -7.0641687156207209e-002 -5.4020008245869000e-001
    -3.0651819107059732e+000 8.7359479404953376e+001
    6.8527357719601753e+001 3.8071964828655797e+002
    -7.3820105761320073e-002 -5.2771611593219492e-001
    -3.0741753516777668e+000 8.4330707851108414e+001
    6.3187054709419264e+001 3.8350022988352998e+002
    -1.4551966272008060e-001 -5.0146355405467657e-001
    -3.0153837331428490e+000 6.7635726259188758e+001
    7.3491123606082567e+001 3.8191256710097969e+002
    -3.4963376195056034e-001 -4.7498095625576825e-001
    -2.9329474179462425e+000 5.0965891556669490e+001
    8.1613596971794081e+001 3.8213153948639865e+002
    -5.0228949894979857e-001 -4.2126923328954630e-001
    -2.9185366193366091e+000 4.5206026631430412e+001
    6.4402031888532477e+001 3.7439842183154235e+002
    -5.2050929331956908e-001 -4.0902744579922612e-001
    -2.9108554459463067e+000 4.4730296117921121e+001
    6.2038164643067049e+001 3.7294190277014519e+002
    -3.5592006278208294e-001 -4.2082357756403299e-001
    -2.9841562755208497e+000 9.1568477878640607e+001
    5.4817536724773170e+001 3.4922307604361771e+002
    -5.5144588765410701e-002 -4.3844812010885120e-001
    -3.0471740995596575e+000 1.1412547832125577e+002
    5.3367683461529303e+001 3.5502832060574997e+002
    5.6954003817778631e-001 -4.5580075686704347e-001
    -3.0028343143582181e+000 1.3023342518462917e+002
    6.7862185081594419e+001 4.0277087604463873e+002
    -8.2670477887247085e-001 5.2642495915554632e-001
    2.9763608727660320e+000 1.1972808385512295e+002
    6.8687604595412267e+001 4.3486464289104919e+002
    -8.0308210604088215e-001 5.6443935802916700e-001
    2.9764787024885355e+000 1.3726113955327239e+002
    7.4665588918104291e+001 4.2953364579319674e+002
    -5.6037450572400016e-001 6.3049929228385093e-001
    3.0094286543214883e+000 1.6348053542294267e+002
    4.7202814553240792e+001 3.9176514310148247e+002
    -2.9707265688715379e-001 7.1434861282860429e-001
    3.0213880409401943e+000 1.6608222631822801e+002
    2.1906457480535465e+001 3.4874003961155455e+002
    8.4523022543346052e-002 -7.8996653405284190e-001
    -2.9721637968943364e+000 1.1053193386222412e+002
    3.8040184919380309e+001 3.2044404718367036e+002
    -1.1055603903061588e-001 -7.5824382769991472e-001
    -2.8817196457741594e+000 7.4502744785469233e+001
    4.3485717893599798e+001 3.2295762586972069e+002
    -2.2773974249655829e-001 -6.1098950262074159e-001
    -2.8889701797351846e+000 8.7507685581461985e+001
    3.9642912723172422e+001 3.1995525533009800e+002
    -3.0951085042036625e-001 -4.4772322210520094e-001
    -2.8378604070359015e+000 6.1745766985279595e+001
    7.4500801405607973e+001 2.9996664044329646e+002
    -2.7896675058170345e-001 7.8192536848611133e-002
    -2.9236624495741892e+000 3.8147592645973845e+001
    7.7186784094891806e+001 3.1089015257419152e+002
    -2.6249636178318397e-001 2.1692049032590957e-001
    -2.9437494148455725e+000 4.1335396974183787e+001
    7.2270003965240676e+001 3.5912845193992445e+002
    -2.0029561880836330e-001 2.8261284985540358e-001
    -2.9158815310154536e+000 4.0471965768426784e+001
    9.7334790875468258e+001 3.6706166837542958e+002
    -3.8460241635915597e-002 2.9673293328597050e-001
    -2.8710553311395692e+000 6.0220952056893339e+001
    1.0168442549046641e+002 3.7385435345928283e+002
    1.6666651119237608e-001 2.6253460480367097e-001
    -2.8545864376392509e+000 8.6903750162039813e+001
    1.1065836039544301e+002 3.9384023185560034e+002
    3.2472898107146408e-001 2.0381441328321823e-001
    -2.8733235005894175e+000 8.7331464598924327e+001
    1.1326600945407718e+002 4.2165814711315795e+002
    3.8837207264882584e-001 9.1174831410718554e-002
    -2.9110814360939585e+000 8.9588418106277658e+001
    1.0707209994708442e+002 4.2074573236490835e+002
    3.8542449157264624e-001 -6.6772113651488774e-002
    -2.8942055007443499e+000 9.2459395011835710e+001
    7.9518422932976165e+001 4.2754173990725275e+002
    -2.1778157648944738e-001 -2.8520561265359190e-001
    -2.8205134312892630e+000 2.0388917251877178e+001
    6.4892848789148090e+001 4.0441537655003270e+002
    -2.5192411295717143e-001 -2.7174611106050889e-001
    -2.7928358975121528e+000 4.3493076680905475e+001
    8.2228751714487245e+001 3.9812435575699175e+002
    -2.7146846293599247e-001 -2.6623868231704467e-001
    -2.7835214636716561e+000 5.0532911874728654e+001
    8.0384903024859895e+001 3.9731809708877142e+002
    -2.6974668251660022e-001 -2.6508628400660594e-001
    -2.7758986306574718e+000 5.4082937120686516e+001
    6.9049504882183939e+001 3.9720064191256790e+002
    -2.8472822365279832e-001 -2.8559176704603423e-001
    -2.7825410702947475e+000 5.5839931865907424e+001
    7.2814992842138437e+001 4.0040845350945023e+002
    -2.6543016090034738e-001 -3.2626476524301679e-001
    -2.7857092257558311e+000 5.0458831691260627e+001
    8.2719580141200112e+001 4.0079685140929843e+002</data></Extrinsic_Parameters>
