<?xml version="1.0"?>
<opencv_storage>
<calibration_Time>"10/22/16 15:51:58"</calibration_Time>
<nrOfFrames>26</nrOfFrames>
<image_Width>640</image_Width>
<image_Height>480</image_Height>
<board_Width>9</board_Width>
<board_Height>6</board_Height>
<square_Size>28.</square_Size>
<!-- flags:  +fix_principal_point +zero_tangent_dist -->
<flagValue>12</flagValue>
<Camera_Matrix type_id="opencv-matrix">
  <rows>3</rows>
  <cols>3</cols>
  <dt>d</dt>
  <data>
    3.9055210490622250e+002 0. 3.1950000000000000e+002 0.
    5.2357835368986537e+002 2.3950000000000000e+002 0. 0. 1.</data></Camera_Matrix>
<Distortion_Coefficients type_id="opencv-matrix">
  <rows>5</rows>
  <cols>1</cols>
  <dt>d</dt>
  <data>
    2.8755752891422497e-002 -1.6588190036055370e-001 0. 0.
    1.6091481324452017e-001</data></Distortion_Coefficients>
<Avg_Reprojection_Error>3.3226275391938914e-001</Avg_Reprojection_Error>
<Per_View_Reprojection_Errors type_id="opencv-matrix">
  <rows>26</rows>
  <cols>1</cols>
  <dt>f</dt>
  <data>
    2.43930221e-001 2.31659189e-001 2.19732940e-001 1.88195124e-001
    1.64211810e-001 1.86847910e-001 2.20979661e-001 2.68115640e-001
    3.74765724e-001 2.02003732e-001 2.22070947e-001 5.66433787e-001
    2.55129129e-001 2.54507810e-001 2.47212335e-001 2.02677324e-001
    1.64934397e-001 5.02112210e-001 9.99316216e-001 2.30621412e-001
    2.70830810e-001 2.66011238e-001 2.08827838e-001 3.56060416e-001
    1.89127296e-001 1.61294565e-001</data></Per_View_Reprojection_Errors>
<!-- a set of 6-tuples (rotation vector + translation vector) for each view -->
<Extrinsic_Parameters type_id="opencv-matrix">
  <rows>26</rows>
  <cols>6</cols>
  <dt>d</dt>
  <data>
    -3.3134219840291601e-001 7.1081748417536195e-001
    2.9386612272397370e+000 9.1271923266714225e+001
    5.1863353548395850e+001 3.6710039319736575e+002
    -1.6433732765144532e-001 4.1846273569273812e-001
    3.1025611778888171e+000 1.1103540434583182e+002
    4.6720223075398721e+001 3.4064332465406193e+002
    1.8069556834781322e-001 -3.6844219648155491e-001
    -3.1133924257412513e+000 1.0463356244391919e+002
    4.1101615926640861e+001 3.0787191666864521e+002
    -9.6414502845164521e-002 3.9748767556794667e-001
    3.1091553100126519e+000 1.2248935634261912e+002
    6.0354603998105311e+001 3.9836496757997946e+002
    -2.0756716578229575e-001 2.9493638694792818e-001
    3.0964451896158889e+000 5.9473300371519159e+001
    4.1874993090009198e+001 5.7784340726052540e+002
    5.2916073272581556e-002 -1.7623074416084397e-001
    -3.1152849208244393e+000 1.2473314840667173e+002
    3.5651257667505341e+001 7.0544962973678673e+002
    -7.5178178474794563e-002 1.6923827393695173e-001
    3.1048487472882220e+000 1.2640141259902919e+002
    3.5768861254827378e+001 6.4357597144832516e+002
    -2.8374063108341391e-001 6.7990844140864271e-001
    2.9442049870332081e+000 8.3163229354325154e+001
    9.2386725344432051e+001 4.1773139807813459e+002
    -5.6276894775746233e-001 7.4899055811243886e-001
    2.4533082211449146e+000 5.6974434368720452e+001
    -1.1133518203055492e+000 6.4052137868189652e+002
    -2.8725504974568850e-001 1.0488883067734585e+000
    2.7579218129312224e+000 1.5097230818509286e+002
    -8.3387336986545186e+000 4.8318358584493853e+002
    -1.9593512684502565e-001 -1.0840351642219583e+000
    -2.6190190835845852e+000 7.3097044907548778e+001
    1.2556581022973759e+001 3.9129092204104899e+002
    -4.1634835615114474e-001 -9.3217282182859273e-001
    -2.1951947307342343e+000 -2.2647966975574064e+001
    2.4329328014016177e+001 4.5331831093396289e+002
    -3.2756512422451617e-001 -9.9357542565660628e-001
    -2.3528908149765737e+000 -5.8741484533107320e+000
    7.9925347954769933e+001 4.2064022388371058e+002
    -3.3645832212600278e-002 -1.2239094198922056e+000
    -2.6784184247280169e+000 1.2313246482097091e+002
    2.3618222051023185e+001 3.5615981487942071e+002
    -8.7240602924235064e-002 -7.5506688766823582e-001
    -2.9515703236954010e+000 1.5333397327953904e+002
    -2.2638463257780735e+001 3.6708483943141312e+002
    -3.2316661247887360e-002 -2.4329396989483032e-001
    -3.0750921305629864e+000 1.5738571745693625e+002
    7.5444697557368183e+000 5.0119682070567239e+002
    -3.5022958491933882e-002 -1.6417257966819893e-001
    -3.0552606162691385e+000 1.9033756178727674e+002
    4.0360622447609401e+001 6.4128078745517848e+002
    -3.8909689439992935e-002 5.9391291701886995e-003
    -2.7817683655330994e+000 8.1963880395557268e+001
    5.5198945427112498e+001 4.3392766127173610e+002
    1.5037497566567434e-001 -3.7567418155411342e-001
    2.9836249930774676e+000 8.6925398906929573e+001
    8.2122550135857637e+001 7.9148025675862618e+002
    -4.7027039759107513e-002 3.0451002596717686e-001
    -3.0541622210363570e+000 5.5102227854985586e+001
    1.5517823910905472e+002 8.1652433501907558e+002
    7.4924139982980642e-002 3.7153574380807425e-001
    -2.5986987684274787e+000 2.1329872131060827e+002
    2.2610396499013353e+002 8.3550001346961108e+002
    5.2375862024831951e-002 3.3439828947507411e-001
    -2.7785056133814030e+000 1.9198043284915948e+002
    1.8584510701322137e+002 8.0702422939736971e+002
    2.4563369467172212e-002 -2.8386112432128696e-001
    -3.0782052886615214e+000 9.3020690629831137e+001
    1.3297794222633425e+002 5.1092396172214222e+002
    7.2722079272420664e-002 -4.9950726928348449e-001
    -3.0800739070946661e+000 1.0475131438191960e+002
    4.6730875653816334e+001 3.4316651228981084e+002
    -4.3103281509693128e-002 5.3794645310103528e-001
    3.0652304585305821e+000 1.3423453850364004e+002
    4.3507578429568753e+001 4.3281169802215283e+002
    -1.2538741363873582e-001 4.6729166074799389e-001
    3.0902477990745911e+000 1.1399534378730260e+002
    3.0583045294309660e+001 4.2185858090684115e+002</data></Extrinsic_Parameters>
