<?xml version="1.0"?>
<opencv_storage>
<calibration_Time>"07/06/16 20:33:24"</calibration_Time>
<nrOfFrames>32</nrOfFrames>
<image_Width>640</image_Width>
<image_Height>480</image_Height>
<board_Width>9</board_Width>
<board_Height>6</board_Height>
<square_Size>28.</square_Size>
<!-- flags:  +fix_principal_point +zero_tangent_dist -->
<flagValue>12</flagValue>
<Camera_Matrix type_id="opencv-matrix">
  <rows>3</rows>
  <cols>3</cols>
  <dt>d</dt>
  <data>
    5.3631112783172807e+002 0. 3.1950000000000000e+002 0.
    7.1537787205101665e+002 2.3950000000000000e+002 0. 0. 1.</data></Camera_Matrix>
<Distortion_Coefficients type_id="opencv-matrix">
  <rows>5</rows>
  <cols>1</cols>
  <dt>d</dt>
  <data>
    -1.6327975372578019e-001 2.6777254603828082e-001 0. 0.
    -2.9905875179463959e-001</data></Distortion_Coefficients>
<Avg_Reprojection_Error>4.4436267805612828e-001</Avg_Reprojection_Error>
<Per_View_Reprojection_Errors type_id="opencv-matrix">
  <rows>32</rows>
  <cols>1</cols>
  <dt>f</dt>
  <data>
    2.97937930e-001 3.10780376e-001 2.87209630e-001 4.99757111e-001
    4.17368919e-001 4.07824725e-001 4.20734376e-001 4.32796240e-001
    4.15612876e-001 4.93105292e-001 5.33049285e-001 4.47184324e-001
    6.39136612e-001 7.67234564e-001 6.84785903e-001 4.28685725e-001
    3.36986184e-001 6.64259732e-001 3.27712566e-001 3.01963449e-001
    3.32616270e-001 4.82603520e-001 4.10833746e-001 4.64530468e-001
    4.99822289e-001 4.43080157e-001 2.85447568e-001 2.36596540e-001
    3.80106330e-001 3.37642938e-001 3.44264627e-001 3.22913796e-001</data></Per_View_Reprojection_Errors>
<!-- a set of 6-tuples (rotation vector + translation vector) for each view -->
<Extrinsic_Parameters type_id="opencv-matrix">
  <rows>32</rows>
  <cols>6</cols>
  <dt>d</dt>
  <data>
    -8.0634664975648876e-002 -5.5029407508198092e-001
    -3.0465826742846467e+000 8.9855978666344797e+001
    6.6207603821126369e+001 3.8928328626905966e+002
    -6.9727801770228748e-002 -5.3874383946683169e-001
    -3.0658321745489512e+000 8.7392876583070972e+001
    6.8531956394770958e+001 3.8107599919890413e+002
    -7.4239816367240655e-002 -5.2583889988919552e-001
    -3.0745561783708424e+000 8.4336568304171124e+001
    6.3207462629357316e+001 3.8371328085942145e+002
    -1.4798450202064212e-001 -5.0164570739953385e-001
    -3.0146905952877590e+000 6.7545012719453013e+001
    7.3508351561149155e+001 3.8186604650786046e+002
    -3.5076712883474304e-001 -4.7569175133956254e-001
    -2.9325001531714499e+000 5.0911787630721491e+001
    8.1597850752868922e+001 3.8223768593126948e+002
    -5.0319993629487436e-001 -4.2187946810611066e-001
    -2.9181383671951271e+000 4.5155381779517697e+001
    6.4369886689246698e+001 3.7451374558386073e+002
    -5.2203089850206774e-001 -4.0754347697170629e-001
    -2.9109964441723446e+000 4.4715143574532242e+001
    6.2049036023174111e+001 3.7287227752199442e+002
    -3.5636401935056033e-001 -4.1824554359741423e-001
    -2.9847742168688352e+000 9.1592299955401941e+001
    5.4842750392904286e+001 3.4933876317921460e+002
    -5.4085505387803656e-002 -4.3640534636338485e-001
    -3.0479484984261296e+000 1.1418145094799472e+002
    5.3374368352173462e+001 3.5532205774371238e+002
    5.7098502730955691e-001 -4.5577519749800827e-001
    -3.0028780964526547e+000 1.3022086425466765e+002
    6.7835688026567780e+001 4.0297446838258236e+002
    -8.2766320986173225e-001 5.2562870977124065e-001
    2.9760441107083739e+000 1.1970061648248749e+002
    6.8677901199295022e+001 4.3503686220151548e+002
    -8.0428459926237839e-001 5.6354838299053123e-001
    2.9763338306464941e+000 1.3720557980090632e+002
    7.4683190820205866e+001 4.2966342620844603e+002
    -5.6143648290992709e-001 6.2911929506235909e-001
    3.0094421311931328e+000 1.6342509645085732e+002
    4.7224804391806074e+001 3.9184129797521450e+002
    -2.9778262446810227e-001 7.1208120833364130e-001
    3.0216724967567994e+000 1.6608133580840445e+002
    2.1938770122737612e+001 3.4897501433396963e+002
    8.4218651520247753e-002 -7.8788516781546059e-001
    -2.9725445630174017e+000 1.1051730832411806e+002
    3.8095874195878437e+001 3.2063165027212335e+002
    -1.1085346764448252e-001 -7.5820328297530193e-001
    -2.8814559244456852e+000 7.4476851529657665e+001
    4.3497353317242997e+001 3.2310295262321529e+002
    -2.2811702262717570e-001 -6.1100182656063529e-001
    -2.8887521880274134e+000 8.7486581081288350e+001
    3.9644885098252850e+001 3.2006431884558384e+002
    -3.0921278176298483e-001 -4.4522182440250629e-001
    -2.8390488514253627e+000 6.1842743909816960e+001
    7.4513273602322514e+001 3.0035058593959178e+002
    -2.7856403587283896e-001 7.8548158130797907e-002
    -2.9236790520487026e+000 3.8158021932805319e+001
    7.7180483658102659e+001 3.1113775172450642e+002
    -2.6296732780557547e-001 2.1697425387029454e-001
    -2.9435783162874478e+000 4.1342075383056134e+001
    7.2287228202127039e+001 3.5914970542967274e+002
    -2.0030028535217648e-001 2.8297068931801678e-001
    -2.9156636973337489e+000 4.0474787500014443e+001
    9.7346049187448415e+001 3.6718428857943576e+002
    -3.7919323974578874e-002 2.9740905133872508e-001
    -2.8703982821127370e+000 6.0174945201076397e+001
    1.0173371450747989e+002 3.7410118378262041e+002
    1.6729880094819088e-001 2.6258380326398678e-001
    -2.8546302670915003e+000 8.6901392583512390e+001
    1.1065393732504388e+002 3.9415157606277319e+002
    3.2571721566414613e-001 2.0398791473630823e-001
    -2.8734424370452243e+000 8.7337919104044289e+001
    1.1324592923305735e+002 4.2197868784161096e+002
    3.8932147865872962e-001 9.0955384042326767e-002
    -2.9114616522733958e+000 8.9621275244696321e+001
    1.0702686721916511e+002 4.2102890386382910e+002
    3.8615939896926438e-001 -6.7275180551514144e-002
    -2.8947036401673278e+000 9.2506925547069116e+001
    7.9464533128458825e+001 4.2761509561732674e+002
    -2.1798340899396770e-001 -2.8549645857748890e-001
    -2.8203665201140149e+000 2.0380558525021019e+001
    6.4887059374693720e+001 4.0465577231724075e+002
    -2.5196760102915106e-001 -2.7020118416285399e-001
    -2.7933084562110473e+000 4.3520767511645005e+001
    8.2222145777999543e+001 3.9846397026538006e+002
    -2.7149094543596364e-001 -2.6323015786482834e-001
    -2.7843004450325184e+000 5.0598844694539515e+001
    8.0407334594408724e+001 3.9772337463501668e+002
    -2.6925590308359221e-001 -2.6289898870015371e-001
    -2.7765494693133994e+000 5.4148146571429777e+001
    6.9056212048083395e+001 3.9769452871418076e+002
    -2.8684831413717776e-001 -2.8286949600402789e-001
    -2.7827941777490075e+000 5.5828012774358832e+001
    7.2832648793712721e+001 4.0048169329416845e+002
    -2.6608701258609330e-001 -3.2350609751701653e-001
    -2.7863740111308983e+000 5.0495679024801149e+001
    8.2732299583387203e+001 4.0105582284367432e+002</data></Extrinsic_Parameters>
