<?xml version="1.0"?>
<opencv_storage>
<calibration_Time>"12/14/16 15:36:26"</calibration_Time>
<nrOfFrames>32</nrOfFrames>
<image_Width>320</image_Width>
<image_Height>240</image_Height>
<board_Width>9</board_Width>
<board_Height>6</board_Height>
<square_Size>28.</square_Size>
<!-- flags:  +fix_principal_point +zero_tangent_dist -->
<flagValue>12</flagValue>
<Camera_Matrix type_id="opencv-matrix">
  <rows>3</rows>
  <cols>3</cols>
  <dt>d</dt>
  <data>
    2.6651018874739799e+002 0. 1.5950000000000000e+002 0.
    3.5477567306935532e+002 1.1950000000000000e+002 0. 0. 1.</data></Camera_Matrix>
<Distortion_Coefficients type_id="opencv-matrix">
  <rows>5</rows>
  <cols>1</cols>
  <dt>d</dt>
  <data>
    -1.1834585140562234e-001 -3.5848830784908819e-001 0. 0.
    1.4659521754403138e+000</data></Distortion_Coefficients>
<Avg_Reprojection_Error>9.9681005944444445e-001</Avg_Reprojection_Error>
<Per_View_Reprojection_Errors type_id="opencv-matrix">
  <rows>32</rows>
  <cols>1</cols>
  <dt>f</dt>
  <data>
    2.68843681e-001 2.48925284e-001 2.52362430e-001 2.53812999e-001
    3.72791260e-001 2.43555140e+000 2.41413546e+000 2.88645536e-001
    2.66171396e-001 4.82543141e-001 2.70651197e+000 2.95778084e+000
    1.40218890e+000 4.59868193e-001 3.54246527e-001 2.15132073e-001
    1.94165409e-001 3.90320629e-001 1.86196670e-001 2.34520212e-001
    2.04893604e-001 2.71490902e-001 1.80259183e-001 2.20094651e-001
    2.45618954e-001 2.27925256e-001 1.61403313e-001 1.45875722e-001
    2.28287444e-001 1.99231967e-001 2.27302656e-001 2.13045344e-001</data></Per_View_Reprojection_Errors>
<!-- a set of 6-tuples (rotation vector + translation vector) for each view -->
<Extrinsic_Parameters type_id="opencv-matrix">
  <rows>32</rows>
  <cols>6</cols>
  <dt>d</dt>
  <data>
    -7.8864274878327173e-002 -5.4354306701915422e-001
    -3.0481831994576152e+000 8.9881432836109624e+001
    6.6332416380752903e+001 3.8731127862192659e+002
    -6.9456806681060398e-002 -5.3329180240742569e-001
    -3.0663843371992936e+000 8.7315553757549395e+001
    6.8672407699317233e+001 3.7881116775183614e+002
    -7.4667939677514783e-002 -5.2309343122618357e-001
    -3.0749539743159993e+000 8.4327174418322002e+001
    6.3264730179940329e+001 3.8120486218010910e+002
    -1.4662518706313438e-001 -4.9840024880408240e-001
    -3.0151891770743502e+000 6.7531586565286489e+001
    7.3574821844180477e+001 3.7944600391241039e+002
    -3.4408419783340810e-001 -4.7079777340792561e-001
    -2.9348494966464016e+000 5.1108561358205975e+001
    8.1718700750603119e+001 3.8004354621808511e+002
    -4.8753281783078806e-001 -4.2876398425251300e-001
    -2.9213918086564381e+000 4.5309159506882629e+001
    6.4188792305223245e+001 3.7102406123844855e+002
    -5.0265965451676842e-001 -4.1226720928077060e-001
    -2.9144029734750245e+000 4.4913903295393538e+001
    6.2002727018932589e+001 3.6994569476191123e+002
    -3.5747258160133921e-001 -4.1130110720904167e-001
    -2.9857237808278150e+000 9.1566798306327840e+001
    5.4940052453550599e+001 3.4732862637106626e+002
    -5.4407443120943963e-002 -4.2776533054331012e-001
    -3.0491787153480798e+000 1.1416826974077644e+002
    5.3448500679719537e+001 3.5346488637276599e+002
    5.6347762386020883e-001 -4.4498414104691547e-001
    -3.0034556646085147e+000 1.3024701995207911e+002
    6.8040483486384630e+001 4.0084100727778969e+002
    -7.9161222037828949e-001 5.1804690307588008e-001
    2.9955083597884560e+000 1.2120888138097547e+002
    6.9157172422147369e+001 4.2978905915571102e+002
    -7.6481804934246278e-001 5.6509490925690020e-001
    2.9940349659170069e+000 1.3928225071076534e+002
    7.5069932708781536e+001 4.2292158622869374e+002
    -5.2028272510922313e-001 6.1599071659573501e-001
    3.0290973313177556e+000 1.6403809406347906e+002
    4.7709951258836490e+001 3.8754779444555351e+002
    -2.9417813443635926e-001 7.0710693198881280e-001
    3.0235165463394829e+000 1.6609663808032275e+002
    2.1907069604239862e+001 3.4649883455609256e+002
    8.3301802249709289e-002 -7.8284905095172319e-001
    -2.9735883158956207e+000 1.1047239294990631e+002
    3.8154415276183549e+001 3.1857397517179169e+002
    -1.0902508128918156e-001 -7.5357748269278835e-001
    -2.8827756275895937e+000 7.4490623982518088e+001
    4.3593370621502864e+001 3.2112087446713122e+002
    -2.2826945068780960e-001 -6.0440084480166345e-001
    -2.8899487146759739e+000 8.7468186906811823e+001
    3.9738217441153246e+001 3.1815580525593089e+002
    -3.0651526664308476e-001 -4.4069824655422934e-001
    -2.8401695681224810e+000 6.1889346039316962e+001
    7.4623181476046057e+001 2.9856334866465238e+002
    -2.7824823944604404e-001 7.6535792596974156e-002
    -2.9235671986440939e+000 3.8126400963059929e+001
    7.7164502320078711e+001 3.0861601109224716e+002
    -2.5933261463048990e-001 2.1677528574462412e-001
    -2.9436119022252916e+000 4.1356857093729950e+001
    7.2278869980426435e+001 3.5670280170593685e+002
    -1.9629922643603506e-001 2.7959953174807667e-001
    -2.9158197902547531e+000 4.0452493581760351e+001
    9.7380968345092327e+001 3.6458262977076629e+002
    -3.2981242731891347e-002 2.9108455984504394e-001
    -2.8707157880428036e+000 6.0137609963378672e+001
    1.0178121062137046e+002 3.7165629063676016e+002
    1.6903688477320031e-001 2.5633332415046783e-001
    -2.8548854496421998e+000 8.6895146666438535e+001
    1.1076116806488261e+002 3.9155312142368427e+002
    3.2872449140236965e-001 1.9682256602158985e-001
    -2.8733597387023622e+000 8.7312059953198840e+001
    1.1337036192505637e+002 4.1930720725156175e+002
    3.9375695533297489e-001 8.5141235839971269e-002
    -2.9111104976504096e+000 8.9601822185065330e+001
    1.0708869398663582e+002 4.1834837896284887e+002
    3.9142694960493118e-001 -6.4499323391577407e-002
    -2.8939505465890636e+000 9.2430571362650710e+001
    7.9454465331124183e+001 4.2531337164573637e+002
    -2.1042512943458525e-001 -2.8024521688422765e-001
    -2.8214366454180384e+000 2.0528463527326601e+001
    6.5011823963345719e+001 4.0249230408891492e+002
    -2.4991509150815236e-001 -2.6555168792388228e-001
    -2.7938105803818107e+000 4.3564245799969115e+001
    8.2311670318356107e+001 3.9603326069182646e+002
    -2.6993783055763465e-001 -2.5772856623020085e-001
    -2.7847954154957595e+000 5.0629773878291765e+001
    8.0515716611676453e+001 3.9537222784117841e+002
    -2.6746019294407841e-001 -2.5691987045587777e-001
    -2.7771497997298962e+000 5.4184324045391151e+001
    6.9151292970634188e+001 3.9537258139816521e+002
    -2.8415439706273665e-001 -2.7618485337199872e-001
    -2.7836015013499664e+000 5.5863797011376086e+001
    7.2955377233309562e+001 3.9830590035975467e+002
    -2.6267057630732121e-001 -3.1683850572520617e-001
    -2.7875253450979667e+000 5.0570844425488445e+001
    8.2870655505864605e+001 3.9899751332491707e+002</data></Extrinsic_Parameters>
