<?xml version="1.0"?>
<opencv_storage>
<calibration_Time>"07/06/16 20:43:26"</calibration_Time>
<nrOfFrames>33</nrOfFrames>
<image_Width>1024</image_Width>
<image_Height>720</image_Height>
<board_Width>9</board_Width>
<board_Height>6</board_Height>
<square_Size>28.</square_Size>
<!-- flags:  +fix_principal_point +zero_tangent_dist -->
<flagValue>12</flagValue>
<Camera_Matrix type_id="opencv-matrix">
  <rows>3</rows>
  <cols>3</cols>
  <dt>d</dt>
  <data>
    8.5947901825077804e+002 0. 5.1150000000000000e+002 0.
    1.0757412890754508e+003 3.5950000000000000e+002 0. 0. 1.</data></Camera_Matrix>
<Distortion_Coefficients type_id="opencv-matrix">
  <rows>5</rows>
  <cols>1</cols>
  <dt>d</dt>
  <data>
    -1.6319110365735828e-001 2.3775640455757996e-001 0. 0.
    -2.2414090030096923e-001</data></Distortion_Coefficients>
<Avg_Reprojection_Error>7.0398573445233203e-001</Avg_Reprojection_Error>
<Per_View_Reprojection_Errors type_id="opencv-matrix">
  <rows>33</rows>
  <cols>1</cols>
  <dt>f</dt>
  <data>
    4.48038250e-001 4.60592836e-001 4.12353426e-001 7.74021387e-001
    6.48433328e-001 6.31698847e-001 6.35311484e-001 6.45961225e-001
    6.11737609e-001 7.77967930e-001 8.08773100e-001 6.76232994e-001
    9.91936147e-001 1.16850603e+000 1.04319084e+000 6.53497040e-001
    5.26757836e-001 1.03002059e+000 5.08494377e-001 4.20915812e-001
    4.96067822e-001 7.58304954e-001 6.83373570e-001 7.59090960e-001
    8.03133488e-001 6.80132151e-001 1.16465998e+000 4.63263631e-001
    3.79645646e-001 5.86644709e-001 5.40597916e-001 4.95165288e-001
    4.83613282e-001</data></Per_View_Reprojection_Errors>
<!-- a set of 6-tuples (rotation vector + translation vector) for each view -->
<Extrinsic_Parameters type_id="opencv-matrix">
  <rows>33</rows>
  <cols>6</cols>
  <dt>d</dt>
  <data>
    -8.0533086124784964e-002 -5.5350505835028141e-001
    -3.0460117088251581e+000 8.9857354408139102e+001
    6.6142236790100583e+001 3.8977979580747308e+002
    -6.9478929548071056e-002 -5.4221505441173867e-001
    -3.0650992401215880e+000 8.7394605154494940e+001
    6.8477919704020053e+001 3.8157190447284063e+002
    -7.3126541671685155e-002 -5.2957920065529374e-001
    -3.0739959299794877e+000 8.4348140093328723e+001
    6.3152371297851033e+001 3.8428889948324041e+002
    -1.4588196328173253e-001 -5.0500930633484642e-001
    -3.0144505272055362e+000 6.7594375634712065e+001
    7.3442006716063361e+001 3.8255286328501285e+002
    -3.4912881354463104e-001 -4.7824152894931798e-001
    -2.9323065074230006e+000 5.0945962181580803e+001
    8.1545573563692798e+001 3.8298746107788355e+002
    -5.0194462866956080e-001 -4.2330483884313341e-001
    -2.9181458517971426e+000 4.5179972700324072e+001
    6.4358088944760667e+001 3.7531947112341305e+002
    -5.2035034624640153e-001 -4.0916787820621242e-001
    -2.9109247514926833e+000 4.4747486031498497e+001
    6.2036781327012250e+001 3.7379796957616287e+002
    -3.5567919603445342e-001 -4.2071801447790358e-001
    -2.9843964525934270e+000 9.1600578511274605e+001
    5.4813604833965400e+001 3.5000116719648929e+002
    -5.4756256713489097e-002 -4.3972400545000601e-001
    -3.0473106451011969e+000 1.1416012414631678e+002
    5.3331117553747987e+001 3.5574083607950251e+002
    5.6986400305399687e-001 -4.5733889975355713e-001
    -3.0028223644593393e+000 1.3025646241521213e+002
    6.7837377386374911e+001 4.0354734677995913e+002
    -8.2688424865823706e-001 5.2678884610132426e-001
    2.9759913655102386e+000 1.1972927714330453e+002
    6.8668785535662423e+001 4.3567915548622199e+002
    -8.0287932383044636e-001 5.6506740593898774e-001
    2.9762923021980372e+000 1.3726943467088159e+002
    7.4654031778418201e+001 4.3035918964219275e+002
    -5.6023909841646324e-001 6.3084629538437309e-001
    3.0093233467625931e+000 1.6347736279747809e+002
    4.7210653450906015e+001 3.9243665900014588e+002
    -2.9672103041893444e-001 7.1462671358366747e-001
    3.0212393705337219e+000 1.6608801808665532e+002
    2.1914117476907283e+001 3.4934408374090680e+002
    8.4106657057706924e-002 -7.9036494314925954e-001
    -2.9719225391583808e+000 1.1051090299566989e+002
    3.8060840263483492e+001 3.2104262310463116e+002
    -1.1071980081904199e-001 -7.6028231445921779e-001
    -2.8810203437412576e+000 7.4480619415318799e+001
    4.3463694822252599e+001 3.2354909253444657e+002
    -2.2762401095891507e-001 -6.1303136824361493e-001
    -2.8884428503878832e+000 8.7506463727518209e+001
    3.9624089380455480e+001 3.2057590923758215e+002
    -3.0853161940457052e-001 -4.4821114924232347e-001
    -2.8385201856575391e+000 6.1833134059035721e+001
    7.4462488636563180e+001 3.0079750045185722e+002
    -2.7620419423929754e-001 7.8420584518432951e-002
    -2.9239764072078689e+000 3.8178160690367456e+001
    7.7179998128976123e+001 3.1193209100902317e+002
    -2.6047101998415328e-001 2.1783604397408499e-001
    -2.9438040518727893e+000 4.1357462257828054e+001
    7.2275198144313507e+001 3.6010571656453988e+002
    -1.9802685862672556e-001 2.8447222637572861e-001
    -2.9156467340891901e+000 4.0476171428669332e+001
    9.7334614368479350e+001 3.6813348463232069e+002
    -3.6981761933178682e-002 2.9940619566677468e-001
    -2.8703814530953315e+000 6.0187259597070081e+001
    1.0169206754380538e+002 3.7488681988998519e+002
    1.6719729900553959e-001 2.6558669160508813e-001
    -2.8543713759067542e+000 8.6897511505433641e+001
    1.1060650493510819e+002 3.9489709295477354e+002
    3.2497324906350211e-001 2.0654265032714592e-001
    -2.8733101821372284e+000 8.7328752497755886e+001
    1.1320211527054724e+002 4.2272907062112347e+002
    3.8846578120608782e-001 9.2818891404039885e-002
    -2.9113912840541651e+000 8.9600276995104110e+001
    1.0701212272014283e+002 4.2176724127097691e+002
    3.8494520769092477e-001 -6.6894711166894646e-002
    -2.8947228993240408e+000 9.2499528047113969e+001
    7.9481335327388706e+001 4.2838073989524895e+002
    2.1565971293028999e-001 -2.4586822463728228e-001
    -2.8731999528701273e+000 9.4705696241350154e+001
    5.6571336978240062e+001 4.1070717729349701e+002
    -2.1622455263852625e-001 -2.8814215584218428e-001
    -2.8204130939918115e+000 2.0406150907958168e+001
    6.4852350832306001e+001 4.0538580468987846e+002
    -2.5060478872569231e-001 -2.7386784911707440e-001
    -2.7930485195176336e+000 4.3535798674536167e+001
    8.2179105506015773e+001 3.9911705362478733e+002
    -2.7027944452111757e-001 -2.6657266519629208e-001
    -2.7840423125747229e+000 5.0599670374768110e+001
    8.0359980276350541e+001 3.9842118517959699e+002
    -2.6841523992613847e-001 -2.6617012767170856e-001
    -2.7763175020144022e+000 5.4149330738519851e+001
    6.9015948687107553e+001 3.9826813793741474e+002
    -2.8510529828027814e-001 -2.8582855234651461e-001
    -2.7827322939655272e+000 5.5864285592974404e+001
    7.2802081692351962e+001 4.0124874721050531e+002
    -2.6478384203944272e-001 -3.2646750594447249e-001
    -2.7861442550871938e+000 5.0511985510837022e+001
    8.2695626988331668e+001 4.0181524453678452e+002</data></Extrinsic_Parameters>
